432
460
215
460
111
461
218
430
454
321
466
108
411
248
325
319
373
291
221
385
465
184
290
240
427
275
117
272
344
361
416
136
389
495
398
357
447
121
372
376
217
227
367
366
418
391
388
190
227
269
467
290
496
399
197
153
157
446
413
353
460
171
399
433
345
339
382
274
403
304
401
343
391
179
142
331
141
343
272
442
246
157
359
276
344
497
356
226
402
312
469
413
386
201
478
335
185
341
492
288
430
267
202
232
391
335
359
302
249
289
302
216
192
487
259
481
216
111
215
360
320
223
223
474
179
410
130
404
229
137
427
489
142
359
110
151
208
458
437
347
200
392
251
131
395
296
305
318
243
161
219
206
229
314
298
223
298
205
495
272
263
330
402
251
238
153
219
268
462
484
383
494
342
430
227
423
293
289
289
105
444
100
414
348
494
136
253
189
275
296
247
208
396
237
328
190
382
347
370
303
341
273
451
252
274
319
450
130
227
171
103
467
156
318
296
151
259
371
195
223
254
312
310
414
127
129
321
130
277
268
343
351
467
181
177
482
269
142
419
478
474
106
233
409
143
489
158
424
228
239
293
309
197
231
367
448
368
165
158
229
284
196
204
442
408
129
469
456
429
221
179
109
344
458
107
366
165
474
410
215
465
161
316
192
406
371
230
332
278
493
466
128
492
216
244
304
182
430
282
311
450
471
445
114
147
329
416
221
449
291
146
165
294
368
376
383
263
388
281
221
197
171
269
274
222
367
164
422
314
363
400
401
173
127
350
334
425
269
377
292
370
288
377
372
121
279
461
336
261
119
384
399
179
194
171
128
175
332
424
195
378
462
374
250
438
118
362
300
345
307
495
457
436
338
421
270
187
248
329
391
270
394
470
215
166
120
373
234
396
132
220
214
318
279
397
316
375
366
310
149
221
363
244
117
151
367
401
192
373
405
411
191
181
378
327
245
417
133
486
221
329
406
165
382
370
409
495
289
204
380
379
134
320
480
134
448
333
219
354
156
183
211
161
100
314
434
143
289
374
177
238
390
173
444
319
290
147
134
157
346
423
355
417
214
238
211
208
204
138
398
493
285
451
395
171
173
360
269
308
459
240
196
412
430
198
423
225
276
105
220
295
249
338
132
207
287
477
347
197
311
417
437
234
173
366
269
144
311
418
155
204
363
360
374
271
390
156
310
268
379
200
115
465
167
308
481
204
366
470
419
114
250
148
366
193
233
317
372
313
234
478
139
111
199
327
210
426
427
372
287
210
306
357
393
164
158
190
133
351
375
200
424
105
483
129
352
110
233
233
176
167
395
446
352
130
384
194
232
217
297
267
106
392
158
397
135
276
264
131
131
372
305
311
297
378
412
486
116
205
373
214
448
318
254
297
273
412
281
366
212
301
388
325
489
217
330
192
160
361
371
156
486
339
257
263
374
480
135
212
438
472
350
370
469
233
290
184
354
155
250
295
316
164
441
479
380
287
137
471
455
114
320
355
231
484
269
384
205
310
441
132
165
185
351
233
303
131
429
461
346
372
154
461
175
137
220
394
452
282
365
344
416
308
452
107
426
320
145
375
276
382
402
218
185
132
468
267
412
321
453
463
181
214
136
376
312
267
465
288
108
424
244
464
443
486
383
362
188
150
235
275
132
230
428
401
361
376
211
486
271
107
237
328
453
259
146
324
237
199
250
136
221
449
273
242
461
314
271
466
110
301
203
327
446
487
155
491
390
128
354
163
303
344
165
355
332
377
443
190
451
171
335
364
136
278
195
157
248
335
459
240
217
478
397
151
148
452
214
391
470
158
335
416
426
204
239
437
455
261
100
103
370
181
396
170
419
169
434
406
267
197
487
454
500
169
238
343
404
249
483
244
168
339
370
249
124
189
318
370
400
447
451
404
421
126
356
323
373
202
149
314
311
158
336
109
438
402
177
463
328
213
334
286
326
430
119
298
190
417
373
469
471
152
240
444
370
427
234
108
190
130
113
475
183
476
319
375
449
282
256
311
447
151
367
434
235
276
254
392
409
252
339
315
287
391
117
250
228
402
144
252
356
242
227
280
224
352
183
260
202
369
202
152
284
109
186
305
124
446
153
406
420
338
350
280
208
425
180
414
225
380
104
307
197
488
473
213
206
203
277
128
310
179
369
396
337
367
481
408
344
396
303
217
377
324
141
472
391
398
473
240
447
304
129
233
214
280
483
429
213
235
259
472
324
382
132
417
443
342
276
375
208
351
111
393
366
407
329
277
332
304
289
255
221
267
126
460
194
147
266
390
382
159
455
175
137
174
453
409
469
328
323
190
438
386
395
250
153
152
468
149
366
328
218
309
313
239
316
461
229
344
472
262
230
165
120
445
306
440
197
422
224
471
404
455
217
265
362
379
292
321
148
393
357
407
424
474
363
438
197
157
282
333
279
369
474
272
199
167
354
241
399
211
212
146
293
294
162
277
193
402
477
341
457
255
335
458
383
408
255
333
347
405
369
345
344
163
445
274
427
424
149
260
496
298
101
231
444
292
129
119
140
318
431
121
148
464
213
301
262
124
234
217
269
143
127
204
203
135
262
330
298
426
173
337
194
231
458
119
475
173
274
396
421
459
287
318
453
432
459
147
182
367
237
373
424
154
144
113
206
146
128
139
342
445
166
161
163
113
329
284
104
396
335
489
376
304
347
119
298
107
364
158
135
334
269
482
277
192
269
256
342
189
181
184
443
455
151
487
235
378
365
137
439
194
486
471
275
420
103
360
473
451
441
164
446
482
197
298
265
141
197
174
161
363
478
248
381
127
383
148
160
346
292
155
417
468
278
465
223
123
161
477
319
185
126
147
250
422
482
384
320
156
161
246
322
139
480
185
261
460
260
173
187
395
138
161
300
264
144
445
354
470
421
384
119
301
448
265
135
127
119
188
222
348
372
302
230
310
458
177
159
393
442
411
203
394
190
214
430
474
165
197
111
383
156
183
127
202
232
416
315
483
262
262
259
485
379
435
229
304
438
175
183
310
443
493
254
457
277
290
412
131
106
393
319
450
449
283
173
152
399
473
466
208
383
436
183
487
315
409
493
153
288
247
380
140
129
110
285
328
395
310
397
237
106
296
481
220
480
110
201
259
301
493
350
447
369
410
496
480
471
298
250
288
153
390
335
265
113
183
426
310
477
421
180
312
275
362
193
129
313
475
267
253
186
246
414
136
386
354
189
467
243
208
301
260
228
274
345
453
173
197
464
486
115
219
116
165
466
487
263
230
309
420
410
314
391
116
466
485
140
184
179
378
170
385
376
186
435
256
201
308
410
114
121
363
448
103
268
102
195
289
127
104
179
127
225
413
106
291
430
105
304
172
218
201
297
171
446
358
395
396
308
495
306
197
376
392
206
464
304
400
391
352
138
142
188
389
463
167
491
473
371
362
320
337
380
346
283
406
318
348
375
318
310
495
126
302
200
435
431
240
262
418
101
215
224
241
378
329
365
443
384
340
488
313
347
215
442
398
325
116
231
460
246
271
412
403
454
316
234
446
468
172
169
138
244
248
492
179
206
500
221
123
363
414
151
222
270
293
348
144
327
221
125
298
191
388
154
425
157
338
333
331
324
438
210
440
336
463
400
167
283
266
352
488
113
231
321
376
223
303
249
178
251
273
282
274
181
404
358
284
300
351
454
106
437
206
125
193
373
209
159
218
279
255
370
245
442
320
319
170
140
284
344
125
481
150
459
211
285
100
128
481
271
471
487
475
417
345
437
285
244
405
250
442
182
275
282
191
244
438
157
288
321
247
150
362
218
454
230
239
375
413
141
193
395
158
357
125
183
178
220
325
243
409
182
351
101
258
101
252
484
457
104
218
319
436
197
459
483
310
222
280
478
235
416
132
474
460
388
140
289
156
450
209
397
210
276
307
281
155
292
315
182
171
139
328
152
289
219
368
280
298
397
362
335
377
453
372
323
200
496
461
124
352
245
392
497
218
203
306
249
421
400
266
214
389
136
113
338
130
190
421
487
497
472
166
181
431
333
201
228
154
487
199
218
325
305
215
408
231
282
238
367
245
325
247
152
162
208
370
416
208
332
431
174
417
378
306
399
393
284
417
429
119
290
425
424
285
309
428
441
100
108
308
392
219
295
353
468
472
298
332
316
233
287
267
286
305
111
470
327
488
199
177
244
424
259
417
277
187
261
126
182
451
245
260
274
411
474
254
472
307
260
387
287
144
166
272
186
157
102
380
252
117
298
185
161
274
198
432
109
423
140
366
123
104
315
276
157
201
278
378
122
409
379
146
195
158
454
398
469
175
493
189
295
411
221
311
229
144
213
483
285
471
330
483
222
165
106
188
294
386
202
261
397
159
454
321
309
249
403
388
220
447
281
187
190
266
485
297
183
399
394
408
150
306
278
157
254
437
476
252
495
449
137
440
165
433
267
240
461
339
165
436
233
235
462
443
170
454
298
130
262
341
358
473
101
215
245
276
254
464
103
202
291
251
467
289
197
324
406
329
122
357
135
493
481
146
472
329
269
115
321
306
472
107
382
115
248
233
174
468
230
446
401
209
337
174
202
212
117
236
237
381
387
287
318
462
172
298
379
331
480
166
446
474
437
177
447
152
306
427
268
156
481
322
227
280
158
163
318
297
218
267
211
199
357
298
202
375
500
356
391
289
467
141
126
235
262
246
498
228
446
256
283
427
293
201
422
129
406
197
378
363
281
431
197
167
497
141
386
106
171
459
432
477
276
272
213
101
122
343
437
405
369
193
205
177
118
324
348
200
431
363
227
263
150
114
358
480
253
157
105
117
104
473
371
119
150
157
478
500
128
171
314
264
127
450
135
168
461
383
372
453
282
189
460
182
498
221
488
446
147
452
393
366
456
328
137
461
120
470
177
231
194
257
354
420
219
265
270
197
146
461
255
199
262
490
435
485
298
353
267
457
276
206
188
157
204
321
363
198
476
422
310
259
500
229
390
350
332
420
188
238
351
193
113
465
354
115
253
499
101
477
348
116
211
373
385
430
403
109
210
157
229
353
306
338
291
119
439
203
419
158
104
110
218
365
353
314
198
441
272
240
351
481
412
398
329
345
241
299
327
286
174
289
202
319
232
238
260
183
371
396
247
460
142
353
398
230
161
153
176
451
207
466
243
201
368
276
335
299
167
293
421
434
185
275
194
378
267
169
270
448
334
393
131
180
184
134
443
255
221
453
490
482
318
429
430
114
296
338
160
403
385
250
440
203
102
277
415
475
195
291
257
178
380
400
256
306
481
171
158
276
235
171
345
258
429
209
380
301
147
150
418
238
123
135
298
189
464
257
480
432
469
201
464
349
391
294
419
315
434
383
298
274
264
180
397
176
111
327
463
158
430
274
107
460
114
264
174
162
464
429
203
264
137
429
391
209
287
477
377
130
272
486
249
286
210
310
338
449
304
129
234
237
114
303
445
360
453
210
485
411
262
343
345
466
178
388
274
288
146
484
230
429
452
333
439
465
208
429
252
315
395
144
203
466
490
243
225
479
432
457
476
230
102
155
259
435
166
178
482
458
269
117
216
110
232
343
180
349
481
209
181
122
249
281
139
332
116
177
468
398
264
348
368
353
473
339
483
152
200
388
273
200
409
357
112
325
239
481
106
217
286
268
331
407
304
328
246
242
238
207
335
373
457
474
186
210
455
221
224
393
325
401
357
136
464
270
442
159
401
437
364
407
374
442
247
304
152
128
297
286
478
253
145
149
348
335
299
252
318
325
392
234
248
364
437
136
108
492
482
112
429
322
302
470
185
180
297
232
391
406
102
437
260
367
231
270
188
317
342
478
197
292
407
360
184
481
343
288
487
297
454
306
252
139
287
443
305
293
429
455
263
293
187
236
408
403
330
364
372
461
291
130
177
404
260
165
465
400
289
261
389
368
356
165
205
326
482
198
299
373
404
181
144
158
337
273
303
351
482
310
276
105
253
176
105
316
246
343
222
449
478
410
283
235
201
348
188
495
487
374
343
195
493
421
133
329
268
101
308
216
275
479
406
345
341
212
148
250
351
365
256
138
349
232
366
132
460
300
360
246
385
407
441
167
440
223
402
432
319
371
429
215
125
189
436
123
365
371
114
384
201
366
317
491
461
140
443
431
410
403
156
123
281
323
404
434
491
459
198
289
193
340
109
495
175
221
127
310
316
123
442
203
266
158
122
278
426
354
168
143
199
102
467
224
230
240
378
255
100
442
307
198
182
333
218
456
382
405
190
267
381
144
251
379
310
481
210
399
486
173
234
357
445
105
143
175
106
414
382
216
284
159
451
122
254
197
494
239
376
202
289
104
257
299
104
350
364
457
136
224
330
186
136
309
172
307
287
272
429
386
216
244
340
218
306
323
340
285
153
219
365
439
114
331
331
413
199
315
105
102
470
181
498
114
213
179
426
236
353
306
254
268
291
369
232
178
172
435
133
328
258
315
215
267
105
152
399
434
304
407
112
234
265
496
450
131
205
155
363
372
217
269
191
426
256
327
355
367
203
207
101
230
110
296
240
423
431
199
259
239
447
466
251
171
324
388
106
244
238
335
431
165
417
218
333
375
128
167
297
137
344
152
463
274
248
417
211
487
499
128
197
490
224
330
169
261
285
364
408
148
475
464
423
328
223
137
193
476
284
393
408
280
474
135
339
396
355
357
270
155
336
230
408
421
236
493
172
408
397
365
354
282
165
347
430
131
145
233
298
128
123
411
133
213
266
279
221
390
388
122
463
425
167
303
186
318
325
179
270
128
460
489
399
453
316
387
125
420
207
349
169
500
334
352
151
143
261
329
415
112
230
112
477
152
213
124
135
393
155
296
293
179
403
153
460
301
390
422
385
333
311
129
232
490
474
404
194
278
125
387
364
147
390
359
409
450
462
118
379
109
469
213
150
424
238
432
153
424
288
210
249
181
446
443
426
310
409
185
372
185
311
249
457
420
336
103
207
337
154
155
198
402
224
271
369
440
106
151
423
322
214
238
444
103
420
121
121
189
254
431
295
309
404
288
397
236
294
448
453
455
282
440
490
208
463
416
335
457
479
102
144
169
170
272
447
115
276
443
459
272
375
452
283
238
262
462
281
427
284
323
204
283
207
490
421
409
250
148
462
176
303
140
317
110
222
165
309
169
317
233
168
418
319
243
198
215
477
399
398
266
111
370
177
192
455
259
268
103
239
107
428
455
190
260
413
121
143
274
223
363
199
358
471
476
283
152
285
333
126
446
500
315
123
304
328
294
289
487
240
271
380
444
130
445
253
336
370
300
264
211
422
448
455
390
329
279
294
140
247
216
139
234
211
156
206
219
230
279
209
299
382
376
418
343
327
255
234
243
261
478
198
489
371
151
492
154
250
101
414
391
100
376
357
228
162
280
169
164
439
103
265
120
462
217
249
185
217
381
181
109
462
354
144
189
313
409
371
170
103
148
132
495
419
195
184
221
498
388
416
415
111
394
356
175
473
319
373
247
342
411
268
158
427
307
478
299
262
137
473
315
342
282
115
460
172
321
212
404
344
236
418
363
405
349
465
262
467
440
414
248
317
467
363
237
176
197
135
436
179
246
134
357
368
477
229
225
286
176
211
261
457
213
277
497
143
207
271
374
165
273
469
137
412
406
208
389
362
131
494
239
126
168
202
289
427
444
398
246
147
285
152
306
200
138
382
119
375
309
120
433
242
136
195
311
482
393
363
165
221
390
309
356
129
465
456
209
376
210
225
162
267
267
399
216
398
444
302
487
103
397
474
148
146
268
306
325
318
240
369
474
486
110
346
437
178
431
399
209
428
460
446
371
185
173
463
224
160
244
410
258
113
302
415
498
292
348
382
368
286
451
328
477
477
277
443
459
249
118
136
453
413
397
170
308
383
233
225
254
467
381
497
477
206
353
147
287
128
276
245
118
284
471
177
145
378
349
464
137
357
146
470
115
246
411
116
214
381
243
381
269
490
409
395
309
147
442
252
262
143
374
332
155
151
358
239
264
349
137
243
164
465
234
140
358
497
318
182
230
439
264
417
494
479
317
210
388
318
221
139
279
492
240
141
205
476
388
132
439
477
235
307
419
118
156
200
227
276
497
230
480
434
107
263
463
121
387
329
441
296
330
341
232
206
239
362
358
489
132
382
184
430
233
122
115
283
111
198
133
334
301
292
138
291
478
296
351
322
306
210
112
160
292
270
242
249
424
272
496
377
188
302
170
462
347
135
235
329
427
310
477
363
211
250
236
315
109
292
144
437
251
463
475
188
488
187
481
371
396
157
121
242
358
290
205
229
462
321
203
274
393
252
119
243
223
221
139
397
292
141
392
485
458
467
416
265
256
192
153
110
172
382
495
102
346
318
395
438
185
181
319
163
497
418
495
311
300
271
101
207
222
429
266
209
280
131
371
465
434
443
461
391
390
448
280
401
237
176
107
367
230
417
356
274
289
244
447
343
239
300
237
105
121
486
182
476
260
100
147
242
430
108
130
434
235
118
132
384
258
347
443
264
188
118
379
146
424
486
215
205
421
493
343
233
334
370
475
312
462
292
140
302
385
379
238
119
385
491
117
242
471
403
366
291
133
255
117
245
246
300
296
238
399
500
189
389
178
303
312
480
373
415
144
432
254
221
354
201
449
334
213
175
191
100
360
294
242
100
205
336
273
184
442
458
285
353
288
395
115
122
316
495
182
355
438
197
228
428
482
176
194
340
129
234
241
324
497
440
219
375
273
492
288
458
163
233
119
129
435
234
345
333
445
364
499
370
134
119
120
131
232
323
484
460
410
419
373
488
330
204
367
468
496
494
432
436
274
291
355
491
263
263
134
383
300
458
378
334
146
201
258
101
282
295
309
432
492
147
156
241
291
424
488
122
225
112
234
376
101
336
460
428
302
342
355
262
134
341
220
324
226
453
238
227
291
459
230
371
111
106
332
101
290
489
120
467
146
235
300
113
133
202
313
297
241
243
286
106
275
107
288
181
224
427
407
371
156
341
352
337
256
480
388
183
364
370
275
419
157
440
166
296
369
405
288
209
496
138
453
443
350
218
248
322
364
238
367
295
386
483
438
123
281
130
441
186
279
473
357
189
129
111
271
138
457
241
159
298
358
372
356
374
244
386
139
248
122
275
119
145
205
457
485
245
311
156
102
380
429
157
231
399
443
143
200
166
379
197
137
329
249
190
204
268
136
109
200
292
269
392
233
317
492
143
119
340
286
212
289
227
353
489
423
332
163
163
469
280
206
323
345
257
289
420
301
419
467
313
364
219
206
458
383
460
213
217
276
377
136
332
472
160
473
238
458
292
211
156
240
243
247
466
265
382
293
273
188
411
314
479
334
101
423
215
243
451
173
110
466
174
254
365
373
182
182
155
180
163
335
268
233
451
200
450
405
287
471
246
409
367
466
219
314
328
285
290
205
283
427
487
405
461
467
151
296
473
359
435
265
296
352
275
374
458
351
279
499
288
439
172
383
118
262
178
326
428
319
128
426
366
482
240
270
317
416
334
297
111
264
267
436
236
180
310
223
344
462
492
324
341
235
490
376
183
324
497
272
205
127
412
405
114
336
457
448
381
247
330
446
356
141
194
216
496
483
151
309
456
234
341
491
488
225
338
345
432
193
187
406
323
180
145
199
147
166
337
462
309
351
353
328
157
244
311
440
352
497
256
390
460
110
108
277
478
494
145
244
333
244
310
112
346
428
358
277
397
221
128
196
154
373
277
263
323
312
330
468
359
384
191
266
187
356
478
301
158
425
105
158
341
162
208
189
175
363
377
486
234
458
268
218
390
229
386
267
212
134
266
500
129
138
131
136
179
159
304
416
330
419
380
197
445
276
186
489
142
147
493
244
171
214
342
341
377
214
448
266
316
183
228
331
315
338
130
116
171
238
133
210
119
109
443
274
118
446
435
430
171
494
168
436
378
335
205
128
283
123
264
249
454
201
420
234
425
319
242
415
111
261
473
109
155
136
333
241
258
234
128
142
224
495
490
463
487
225
149
284
117
362
162
246
268
233
280
219
420
163
131
374
147
314
285
339
265
355
154
246
185
140
113
362
275
467
480
276
429
207
117
191
201
496
179
397
453
459
455
125
500
492
106
486
490
172
173
270
277
124
334
166
315
375
263
210
470
328
273
415
356
166
446
123
306
260
108
149
278
287
264
464
341
198
131
347
178
378
191
120
211
144
282
285
318
387
420
428
262
196
314
226
492
324
115
346
482
207
354
480
136
429
180
210
130
335
387
421
201
456
199
265
263
224
279
187
435
471
365
134
238
377
234
384
181
418
240
453
289
156
325
220
435
322
264
276
158
481
227
372
310
500
434
399
337
298
159
357
439
331
172
484
265
359
364
135
396
428
281
388
129
138
312
189
422
284
411
200
247
187
102
172
428
138
318
451
213
428
255
402
116
403
282
489
363
341
479
326
495
235
497
328
197
360
360
139
450
490
133
276
191
226
318
204
201
312
346
139
272
322
470
322
484
202
296
449
353
163
431
175
294
200
296
352
494
249
185
323
203
176
250
406
373
287
267
235
314
148
445
107
278
374
228
104
285
136
375
212
476
317
452
459
480
155
280
385
369
341
399
133
494
247
157
433
279
361
135
342
169
310
470
306
474
437
236
482
213
481
169
473
326
450
118
163
160
265
491
161
449
498
399
215
292
323
171
305
146
405
206
296
497
467
373
473
385
448
183
490
283
431
365
128
449
214
307
130
159
100
211
321
424
142
470
417
322
371
456
399
445
311
461
224
115
306
472
232
495
453
241
448
187
398
101
492
322
131
377
388
273
238
283
151
159
336
413
327
143
326
151
289
280
110
470
272
149
271
396
304
285
227
163
445
315
287
254
107
429
232
261
326
476
342
226
490
181
169
422
291
352
275
407
173
288
121
100
150
418
245
315
154
188
351
104
408
117
431
166
369
303
471
386
242
280
266
448
388
145
239
317
416
398
206
120
167
139
389
168
320
342
310
491
268
112
368
456
317
282
108
189
233
280
365
287
222
312
264
172
127
374
138
329
312
219
327
343
207
157
192
230
438
410
103
412
146
321
315
104
192
283
259
101
453
203
122
403
288
325
302
481
401
486
449
486
293
206
386
169
155
333
117
402
117
104
272
474
354
276
499
307
427
386
312
338
325
341
249
273
402
192
155
267
335
236
236
213
413
138
124
135
478
323
180
426
204
117
284
471
183
304
249
439
343
382
180
309
272
480
272
105
207
456
412
223
420
420
421
276
452
238
414
384
458
384
430
139
262
375
266
448
182
171
392
271
417
234
299
252
315
372
215
340
157
203
201
496
155
496
221
196
137
264
203
238
290
347
190
129
318
292
204
183
339
357
330
283
228
151
350
487
179
467
106
274
448
422
164
162
162
167
229
199
482
253
441
190
494
228
426
478
424
201
459
477
120
479
213
482
498
367
229
261
399
328
333
287
398
379
167
436
497
300
364
196
115
403
342
313
253
499
108
217
324
398
148
184
403
113
489
309
237
166
187
386
450
401
461
436
357
217
436
342
121
314
269
400
356
268
281
468
407
140
335
317
137
193
371
359
231
432
327
424
135
302
390
133
355
263
354
114
159
216
358
155
473
376
439
420
492
245
362
292
220
469
240
359
389
178
411
430
408
325
153
299
337
283
484
435
153
484
291
148
384
429
222
129
274
276
146
436
111
487
448
436
160
434
404
394
213
287
332
201
391
271
144
379
497
197
352
370
334
488
196
153
298
117
285
159
102
465
161
188
229
210
369
413
158
413
344
394
274
112
411
178
453
335
392
138
230
316
394
185
472
318
302
479
420
339
187
184
240
443
236
288
388
333
489
429
473
399
371
449
206
493
302
123
469
315
463
316
259
153
434
363
310
120
314
105
334
436
170
190
441
332
257
287
375
166
384
204
198
102
139
350
226
279
148
209
273
101
296
226
455
247
139
388
214
179
372
222
182
373
144
490
452
179
328
436
277
448
281
356
266
441
101
349
417
330
465
444
135
172
376
283
385
462
396
487
417
444
320
490
211
261
264
119
498
117
377
402
274
393
110
434
307
303
107
201
356
364
251
212
320
117
384
427
379
447
341
370
334
441
306
139
349
397
109
370
181
445
156
405
203
180
194
486
330
334
362
257
451
235
261
241
336
474
127
216
488
254
342
346
362
110
418
222
163
275
376
495
419
467
344
227
139
434
426
178
314
365
306
198
237
404
112
162
413
272
112
383
307
351
400
442
221
425
303
466
334
303
304
400
183
150
247
344
150
112
262
229
295
174
485
415
467
202
244
276
217
124
281
127
453
114
152
389
238
130
392
218
174
453
307
219
246
202
488
460
277
202
217
419
482
223
155
416
395
180
107
454
244
443
421
378
443
311
299
102
265
496
199
467
205
439
258
111
453
492
237
276
257
130
231
173
243
164
121
313
388
497
324
307
405
128
119
328
144
220
335
441
132
495
374
158
274
482
146
275
108
491
300
256
496
145
296
162
195
328
422
404
109
105
409
498
440
112
139
256
246
259
405
281
118
420
349
113
115
354
118
456
419
409
215
282
338
151
283
189
211
294
104
148
240
439
417
228
366
200
117
244
317
430
256
125
335
111
118
282
377
401
126
458
437
129
349
328
495
299
346
353
370
419
483
483
438
450
209
420
264
462
362
367
208
145
145
326
379
495
215
165
305
458
360
380
208
114
286
495
191
155
185
130
290
425
142
123
404
454
481
348
300
485
301
284
128
126
166
347
453
337
107
383
252
188
297
324
308
138
172
108
442
100
345
336
475
288
489
415
396
121
325
397
145
132
121
415
495
269
194
325
480
219
224
203
478
378
339
182
435
350
369
127
359
148
163
225
113
302
142
200
364
456
388
207
486
171
432
457
484
311
398
211
130
329
110
414
131
403
445
338
163
386
497
137
368
307
482
460
102
146
421
430
312
117
312
439
150
146
199
195
335
167
236
472
255
335
310
288
132
325
308
153
403
255
435
486
122
378
102
493
144
479
355
160
217
189
441
239
337
105
290
474
131
314
138
285
157
107
285
405
315
110
125
170
483
124
464
131
387
492
156
469
374
108
389
488
418
105
182
437
446
226
369
296
426
347
488
129
149
365
454
292
421
367
238
484
462
100
200
341
440
114
244
135
267
435
314
122
126
500
433
472
291
383
120
418
498
304
237
255
407
486
272
425
387
400
122
157
243
101
462
479
150
306
359
228
497
279
461
297
347
251
425
495
272
399
418
107
454
101
234
156
373
256
425
389
418
107
140
222
324
494
249
310
433
492
250
317
328
418
345
342
418
427
239
205
381
478
240
240
241
230
443
372
210
161
219
224
470
449
115
104
428
127
420
150
231
309
382
332
360
127
258
498
285
217
204
405
397
257
322
130
143
338
487
334
352
294
351
272
176
232
214
323
488
423
106
368
308
105
276
402
201
488
321
481
140
301
490
232
199
392
277
248
147
199
419
398
238
392
415
392
170
446
325
142
224
141
148
135
136
250
297
300
445
465
159
133
148
293
143
280
311
190
174
156
365
210
153
417
143
493
341
484
278
260
185
303
478
468
346
239
129
333
318
123
410
461
434
447
191
218
387
294
326
488
138
242
336
495
320
296
417
421
445
261
364
422
489
196
289
156
423
414
158
294
115
334
433
215
422
252
107
131
360
242
194
337
224
490
219
439
454
367
171
339
227
135
112
225
225
401
212
106
259
145
472
216
338
470
325
278
354
349
445
429
393
455
427
383
452
216
224
312
117
483
130
439
401
420
133
357
110
385
135
101
158
350
120
302
378
381
392
429
372
233
421
284
206
428
186
336
402
106
199
385
319
464
223
371
410
234
279
393
427
105
486
472
228
487
226
322
163
330
458
367
159
106
468
399
104
153
235
436
322
395
142
410
346
342
236
176
431
433
196
436
382
157
186
168
259
150
365
498
393
227
166
214
209
432
163
387
249
381
278
117
272
310
481
460
407
290
343
379
382
135
398
312
174
140
107
245
157
389
402
463
263
357
326
408
349
288
222
358
152
451
284
423
362
214
414
427
404
154
396
317
152
198
111
473
253
271
246
385
459
368
376
305
303
209
395
281
416
318
418
223
294
124
126
499
398
177
161
276
497
322
210
125
420
312
294
346
190
425
392
457
199
116
157
282
118
200
205
205
407
236
178
175
230
231
408
500
456
340
481
224
158
298
315
134
237
484
324
103
300
395
143
194
114
397
290
400
293
406
171
132
193
309
216
325
202
147
341
221
185
479
224
128
478
145
235
115
128
454
228
452
370
423
201
191
448
493
369
201
472
129
487
492
342
111
226
397
237
348
120
311
201
494
285
207
188
494
305
135
466
460
173
253
482
368
210
362
441
475
494
227
377
235
462
385
500
191
108
146
496
420
464
399
475
263
236
158
159
436
388
177
406
186
243
119
354
189
125
223
367
288
171
328
426
266
472
185
431
401
240
361
403
445
232
427
341
226
406
214
352
286
267
411
232
481
373
205
383
139
154
409
276
261
483
287
445
112
277
451
272
129
433
201
481
173
112
206
486
330
355
101
325
300
286
412
212
169
332
185
445
393
383
240
169
322
188
412
188
404
469
303
176
229
287
322
379
347
112
425
326
111
390
136
192
208
112
251
297
339
368
336
481
376
116
106
232
295
279
163
243
232
144
314
158
142
124
250
178
134
248
460
198
199
171
319
176
413
343
114
406
459
339
433
227
294
225
118
148
202
459
443
108
357
422
442
195
205
101
399
324
487
181
286
487
243
427
144
189
370
468
128
378
483
369
366
398
290
226
415
367
263
419
329
198
259
285
208
188
278
358
387
308
473
286
320
415
235
169
282
371
432
298
486
497
263
328
114
367
327
262
389
329
222
229
494
329
496
183
295
149
177
320
271
305
180
113
275
247
312
275
422
118
187
121
327
476
119
272
311
199
288
316
367
123
230
400
103
303
498
454
311
154
230
177
133
447
381
355
248
176
277
142
387
497
367
155
406
219
364
113
170
243
285
477
460
385
133
129
252
465
493
223
310
402
487
291
102
334
121
500
249
285
487
300
198
268
498
104
272
293
444
126
438
335
115
451
391
145
312
342
244
183
249
136
121
332
177
483
338
233
383
495
105
198
401
473
173
269
476
452
251
443
306
387
444
159
188
175
244
129
106
204
306
382
216
301
157
144
133
426
110
186
203
228
284
320
341
280
407
375
385
275
451
110
428
122
286
401
438
391
240
411
452
333
126
439
149
476
245
330
264
311
373
389
288
311
339
401
348
205
125
478
380
382
476
247
328
479
407
381
264
203
481
110
463
270
465
118
316
200
453
447
141
345
488
314
406
312
398
328
202
162
366
233
425
308
303
477
494
490
249
112
331
304
238
175
389
206
190
474
416
350
316
316
500
341
494
316
255
213
489
201
280
263
322
456
167
148
410
307
199
251
111
158
454
357
244
188
291
440
372
464
266
213
286
303
414
459
121
139
466
325
160
139
391
471
226
315
112
194
103
179
416
496
410
196
269
210
286
365
378
166
294
195
296
292
429
135
227
195
402
443
107
287
272
279
103
427
458
302
118
205
263
368
452
306
451
429
163
475
370
217
440
250
409
292
167
399
249
288
409
188
216
291
484
480
161
439
182
162
107
371
200
180
252
337
129
110
160
498
436
212
447
315
153
260
345
227
254
490
347
284
493
340
336
286
355
327
152
457
331
493
430
237
461
358
102
481
479
403
137
205
343
244
436
153
192
201
350
308
304
434
124
343
124
425
382
363
196
159
222
408
266
238
264
315
343
366
280
317
360
152
279
273
284
399
168
473
464
168
205
173
420
142
205
351
250
361
425
231
206
364
231
367
390
165
258
385
206
132
207
299
275
443
193
413
116
270
160
100
457
134
222
210
255
403
153
178
179
102
131
153
394
444
262
384
439
465
495
337
304
227
312
194
351
227
362
453
270
218
381
292
417
114
323
270
274
301
457
433
337
389
442
168
124
329
130
322
465
498
371
298
159
239
146
228
184
409
394
370
406
261
419
284
381
417
406
126
100
381
207
453
404
423
402
219
306
487
128
417
333
182
116
358
380
353
191
244
215
347
186
389
264
485
447
262
170
334
480
155
310
454
289
281
180
315
319
469
350
456
269
429
292
422
329
237
162
397
169
485
478
493
166
192
168
495
226
107
197
405
125
289
159
227
366
442
298
339
113
423
287
384
389
177
287
295
120
340
162
153
396
486
115
424
127
115
453
446
308
357
240
175
464
176
454
468
229
330
229
301
315
314
110
283
433
331
162
148
351
432
321
481
137
439
456
303
112
123
174
294
423
356
356
334
296
100
264
345
412
305
158
112
423
418
461
163
394
212
268
151
197
216
364
210
226
389
356
268
168
240
413
155
445
329
437
492
276
329
438
152
268
266
108
435
387
374
272
434
183
227
346
234
336
275
251
192
409
221
450
261
195
112
182
497
410
116
282
133
322
481
422
228
365
358
281
112
175
477
408
194
368
134
146
129
377
271
235
406
346
432
465
195
161
220
301
138
474
268
489
244
419
283
137
435
344
419
120
362
386
138
254
454
110
221
144
397
463
280
117
225
311
385
127
122
289
379
459
338
313
155
228
164
437
420
346
304
141
384
440
129
298
254
253
245
235
266
462
479
395
359
408
149
201
107
104
311
303
166
322
360
497
492
186
297
201
332
130
405
373
232
162
203
234
165
200
235
386
148
324
109
139
477
364
113
103
282
343
403
400
223
273
489
130
231
208
455
468
245
160
452
212
242
398
471
382
321
378
157
196
480
271
493
434
192
337
470
106
466
265
310
397
140
353
432
145
179
116
232
259
359
125
349
430
383
445
210
463
494
413
112
485
199
328
439
464
148
270
129
146
218
399
138
471
485
424
297
148
310
471
430
244
219
224
323
188
265
207
431
246
119
383
419
474
499
283
386
208
388
279
428
285
437
111
109
113
487
465
403
281
334
435
176
343
338
188
186
471
134
149
144
459
225
219
146
167
126
464
117
362
449
410
190
463
297
277
241
433
395
486
218
321
237
461
190
434
490
264
498
376
401
462
286
447
122
412
308
126
313
109
212
344
355
338
425
209
344
260
392
218
491
293
343
247
132
235
396
337
180
278
260
248
371
357
420
131
257
352
497
118
313
480
252
460
262
149
391
251
277
143
373
134
170
438
322
500
147
362
323
142
382
322
295
477
134
245
452
327
395
316
263
278
202
294
459
449
143
453
126
176
317
399
206
114
314
497
314
318
191
300
257
189
222
262
134
300
353
109
208
437
270
182
484
316
107
128
180
206
478
131
416
500
223
433
424
228
404
356
153
500
375
235
146
352
314
277
394
118
340
171
284
471
498
452
376
383
168
229
151
326
199
457
279
253
370
150
364
414
287
155
297
415
477
470
250
118
106
146
116
496
411
461
166
429
276
199
382
349
378
262
133
162
138
285
290
493
144
229
204
499
300
479
432
347
228
105
380
495
274
102
131
384
300
105
291
107
320
112
266
299
413
304
300
166
307
116
293
307
166
331
273
195
387
187
109
427
171
403
381
248
268
114
144
442
483
276
198
104
301
371
354
481
140
128
127
490
479
464
156
171
158
458
177
233
411
170
100
476
380
274
428
266
389
417
211
493
191
171
164
456
444
178
491
450
384
286
384
122
255
142
375
108
404
204
146
382
194
317
334
163
382
147
378
286
180
199
323
302
340
429
183
382
251
154
187
127
416
183
406
185
201
363
404
148
177
138
498
160
116
386
296
325
128
304
255
154
397
388
390
156
332
212
102
246
307
176
120
122
346
281
270
498
293
475
303
417
427
295
413
137
482
465
298
280
460
236
115
440
371
345
390
384
358
403
147
182
422
408
365
421
364
220
249
428
324
127
180
138
265
449
244
329
237
308
156
324
304
252
448
437
244
413
449
335
192
486
391
463
383
358
440
348
217
271
197
327
369
439
161
278
145
436
433
236
102
409
264
432
111
232
238
471
172
404
499
163
192
472
348
118
240
105
291
135
449
456
437
181
500
228
320
197
500
221
264
305
323
209
269
446
435
248
436
438
193
116
157
496
154
320
437
269
271
107
364
481
171
237
145
429
431
360
178
314
226
203
405
414
353
382
142
398
480
368
345
117
226
332
302
436
278
137
285
167
474
117
283
490
270
163
409
474
158
311
194
183
279
293
246
312
358
233
489
106
498
345
360
460
115
327
393
440
115
342
494
171
218
496
228
199
377
319
238
148
108
492
136
330
391
229
142
221
453
313
226
373
421
313
430
103
246
478
231
213
215
335
423
165
265
113
290
333
419
268
329
266
465
180
384
259
314
423
115
169
347
154
408
494
135
165
500
243
274
360
406
111
197
221
169
222
352
236
125
396
288
145
238
204
464
488
350
187
407
474
144
397
304
499
398
258
155
436
215
333
335
363
350
204
451
285
315
436
450
289
491
110
362
244
152
371
277
368
126
306
144
322
120
137
448
338
228
471
156
260
130
402
279
484
275
452
468
257
152
402
253
306
400
369
304
129
284
282
486
208
237
225
451
465
192
462
400
278
430
487
282
441
386
480
222
164
489
195
496
498
335
401
452
266
186
367
298
471
181
355
496
198
152
315
135
298
487
234
188
126
323
456
408
205
217
158
416
206
429
173
206
208
231
435
388
306
425
276
474
188
354
414
142
182
115
280
428
151
121
341
198
398
180
238
289
291
490
432
206
397
378
491
458
484
246
403
365
229
265
211
126
130
266
444
475
479
485
244
158
141
123
145
296
344
104
333
131
494
255
416
192
248
306
104
143
345
294
495
412
312
154
367
342
203
408
471
244
378
393
110
242
220
413
366
222
150
343
356
278
329
386
485
151
140
375
337
335
181
309
435
234
218
184
212
250
293
453
309
192
440
358
297
444
462
431
383
252
347
440
434
308
300
490
169
353
182
194
367
436
485
427
389
112
274
134
449
121
162
154
479
207
404
431
465
470
348
427
481
366
353
212
406
170
288
385
126
194
175
481
441
258
471
101
161
475
368
121
354
116
440
458
443
375
210
372
254
381
497
239
409
252
357
426
446
230
313
103
233
142
500
170
367
235
300
204
272
191
134
438
217
154
462
419
304
265
183
205
352
162
138
317
169
360
450
131
428
245
131
184
181
169
375
265
469
338
454
210
473
210
494
374
349
341
453
110
179
126
499
154
415
391
409
208
316
439
249
118
218
175
313
410
453
199
386
155
411
217
182
453
482
215
453
448
187
248
157
206
442
185
497
244
266
194
350
109
441
316
116
203
302
428
495
125
171
399
492
417
208
338
392
186
404
271
137
245
297
483
387
190
431
444
267
174
424
426
464
220
249
311
202
233
349
343
265
174
338
421
145
214
177
215
407
232
263
150
487
379
454
361
468
174
327
144
486
345
378
299
381
223
116
204
180
257
162
187
350
141
173
488
301
374
448
403
178
462
184
446
486
203
487
494
397
258
390
345
302
428
101
112
313
495
162
390
277
115
164
152
495
311
251
141
467
448
135
407
301
201
478
474
108
409
283
170
217
347
147
381
448
338
374
232
254
297
357
195
101
354
204
367
455
121
243
306
172
343
119
379
135
419
145
149
494
125
161
225
381
337
394
118
230
405
444
243
373
265
126
447
274
241
442
240
119
115
204
421
179
323
160
161
377
235
478
422
442
189
345
286
459
151
140
387
427
332
458
289
323
443
124
399
500
128
145
282
226
278
265
164
243
268
376
146
232
334
169
305
386
418
392
146
384
308
220
241
420
134
171
115
455
350
488
471
180
324
429
284
128
285
346
114
377
202
105
272
279
345
157
178
429
260
454
436
228
256
259
393
226
192
273
305
311
219
401
319
344
423
104
421
279
459
385
499
361
120
285
423
247
324
263
247
215
459
407
405
212
277
184
279
135
216
440
173
103
353
487
255
201
197
428
310
369
439
385
496
432
436
243
494
334
438
171
488
470
469
431
320
425
119
170
109
474
361
249
448
275
214
320
290
447
114
287
231
151
126
163
434
145
158
451
159
430
315
183
323
202
357
231
324
442
264
256
256
176
481
374
171
425
419
159
155
125
297
393
350
483
402
364
286
222
293
459
486
332
288
433
365
227
461
214
267
318
439
358
229
125
210
106
250
102
347
397
321
478
415
441
349
325
133
111
295
259
125
382
291
427
249
208
168
250
441
195
380
274
426
266
121
198
256
485
312
292
401
140
268
465
350
376
391
184
366
461
435
466
140
312
125
453
308
400
318
131
459
464
308
265
329
207
216
352
449
339
121
164
332
461
324
435
449
398
144
275
201
478
222
482
367
340
442
288
212
456
299
106
120
222
208
410
205
458
168
495
280
310
223
474
285
199
495
491
365
488
253
432
410
402
296
294
360
293
214
117
189
398
355
492
435
341
368
315
472
233
456
459
203
156
102
412
187
169
415
103
447
464
266
440
435
299
332
464
493
400
474
410
155
384
108
330
134
149
138
339
483
296
141
203
286
256
324
313
317
257
285
351
143
203
111
161
366
347
131
116
104
127
394
357
476
135
152
128
450
438
380
321
120
466
384
149
419
400
152
201
149
376
321
178
261
217
317
302
450
292
128
237
457
150
332
474
256
330
346
310
133
263
344
338
493
212
233
251
311
326
374
241
371
203
273
500
477
358
298
423
112
236
247
245
284
392
265
258
402
262
269
300
396
279
352
441
487
345
204
434
146
292
423
205
481
171
135
499
477
377
380
342
229
359
404
344
276
399
487
455
339
470
457
272
432
275
409
424
152
250
498
139
137
324
262
414
443
353
288
399
312
128
118
495
421
413
139
395
218
232
235
274
449
420
199
372
124
417
272
148
474
211
336
436
467
152
125
193
187
271
249
407
268
111
459
118
416
443
246
236
460
429
140
223
141
305
470
306
291
118
188
464
395
482
499
461
355
500
494
238
218
307
130
152
211
388
176
303
153
484
203
412
187
159
346
142
191
407
266
119
151
162
369
162
326
100
205
200
238
175
166
380
144
135
245
496
106
247
433
384
492
466
312
351
118
265
105
310
389
182
184
176
421
233
495
391
480
394
299
163
421
354
296
416
435
455
456
136
375
390
276
390
104
147
440
309
479
332
461
230
383
194
216
203
243
190
159
320
282
107
266
166
187
120
154
316
344
119
216
377
458
307
139
238
240
207
416
158
227
191
178
470
332
228
378
153
205
197
419
473
461
416
418
293
411
261
435
123
448
148
247
342
387
127
442
375
222
163
145
327
437
234
474
198
477
117
318
231
406
382
142
476
106
365
272
437
185
431
396
190
317
156
364
367
301
206
220
290
399
482
277
140
177
139
125
360
349
140
141
177
101
369
374
472
485
311
332
337
166
296
173
200
348
201
490
472
459
162
327
435
160
158
295
156
163
269
254
149
170
339
127
217
202
209
142
355
250
176
489
120
268
363
229
227
406
104
445
470
265
375
473
173
486
333
407
129
394
125
384
313
199
453
398
283
121
436
330
470
377
218
3644
15703
27411
29961
14952
10592
12098
26724
5581
6563
28663
1725
21843
25705
17377
29355
15947
26373
27797
13330
20766
20726
14904
13251
5659
26262
6791
10949
13603
29672
19624
2330
28158
13290
24298
19335
13950
1089
23701
6040
24916
27576
25036
19336
17879
24206
2527
29414
5989
12030
26271
28524
6210
14892
3040
14973
8353
24948
14678
28209
16268
26913
6486
6904
28640
18735
17789
1780
29188
15317
27793
23791
18414
14134
9028
4416
13065
20051
19650
3367
16892
13941
16554
4147
23440
6259
12417
23909
15380
8282
25360
21826
1239
23000
12860
8544
18768
17036
7617
11426
22494
2254
19892
26126
19639
21081
20915
18068
13737
10285
25388
5735
18984
4328
14774
8431
9705
12067
18167
18495
3593
18501
2356
19424
17901
1615
10972
5258
22750
2089
3198
12364
5324
6581
16115
5130
24474
16349
17892
4300
16989
5332
8599
28981
22117
19821
15319
15887
12967
19396
20074
22202
26707
11453
20668
26330
18526
24266
4994
23868
28082
16028
15299
23075
25057
19356
23831
3124
29687
739
14627
13292
12501
11539
20028
14059
16497
19076
18297
23057
10506
28874
9898
25963
7804
6120
2583
1585
10704
24445
12806
22299
19360
11251
12712
17297
22777
28535
7911
14213
19492
23873
13792
3914
15022
6466
14352
2933
16017
14388
28924
15582
16953
16551
3029
5533
27899
16166
25758
21204
7437
15284
5641
25482
8853
21206
23972
18038
22114
24726
12998
24154
5148
10069
16856
28254
17971
28672
1263
12669
12834
18598
28382
28405
22843
18500
22434
26092
6507
18507
9074
3882
4139
16638
23955
21424
26168
17438
1398
19224
2858
24995
10732
1524
13759
20619
7396
5809
17949
6753
21939
7385
22078
20221
24408
3909
3980
22768
9189
17184
15037
7645
18311
22460
26973
18377
8349
3476
21324
28819
26928
15953
12289
19449
22833
16217
7371
3048
29376
29190
936
1304
2692
24840
9087
626
7777
3681
28065
28968
4288
24763
5724
3165
24536
18581
2816
10082
19853
24224
28933
18387
6640
13645
7305
19425
4159
10229
3970
17561
8491
4247
1943
18597
25978
4302
7627
1607
13007
29394
15562
4625
28362
27619
15836
3910
26574
4014
19203
16330
1845
29456
11288
14068
4504
28336
11407
23622
4804
24763
23621
12748
9086
29858
12345
8798
14117
7962
14850
20488
21556
19636
16021
8750
21426
6406
29364
20439
8513
16544
15543
1676
7886
19136
15159
864
18500
29522
5402
11153
24934
8923
21595
23054
7708
22378
12429
17178
18875
10512
9895
13996
5500
8647
3559
2004
3474
6577
9536
961
17026
10506
15583
10313
19913
12149
23341
11333
20791
10274
11617
27261
6623
14202
28432
29723
18471
13426
17260
1182
29667
11228
13462
29403
18187
27102
18077
17104
29932
10625
6877
8478
17660
19503
19894
2816
23615
27994
741
9066
26403
23007
12855
16458
29701
15796
18811
5036
7992
22216
22088
7002
12106
8649
19083
24442
18536
14122
24737
25693
5520
11252
27999
11505
7937
20047
16644
26121
14514
11817
1506
24285
17777
3647
24499
11310
14350
23762
15013
13869
25098
24657
2694
13939
964
3223
24267
18117
1953
11736
